3,2
3,1
3,3
10,200
10,4
10,236
10,144
10,170
10,252
11,12
11,18
11,23
9,4
9,6
8,7
8,10
8,11
8,13
8,2
8,3
80,4
80,3
80,2
80,1
80,0
79,4
79,3
79,2
79,1
79,0
71,4
71,3
71,1
70,4
70,3
70,2
70,1
57,4
57,3
57,2
57,1
56,4
56,3
56,2
56,1
49,3
49,1
43,3
43,1
42,4
42,3
42,1
32,3
32,1
31,4
31,1
29,3
29,1
20,3
20,2
20,1
19,3
19,2
19,1
12,3
12,2
12,1
11,30
11,29
11,28
11,27
11,26
11,24
11,21
11,17
11,14
18,1
11,11
18,3
11,10
11,9
11,7
11,6
11,5
11,4
11,3
14,1
11,2
14,3
11,1
13,1
10,310
13,3
10,291
10,284
10,263
10,244
10,237
10,229
10,221
10,197
10,191
10,181
10,177
10,132
10,128
10,98
10,82
10,76
10,1
10,18
10,3
